0 0.212500 0.597190 0.056250 0.252927
0 0.267188 0.585480 0.034375 0.135831
0 0.318750 0.617096 0.034375 0.077283
0 0.347656 0.596019 0.045312 0.222482
0 0.429688 0.627635 0.043750 0.154567
0 0.478125 0.653396 0.062500 0.093677
0 0.475781 0.586651 0.032813 0.091335
0 0.494531 0.562061 0.026562 0.065574
0 0.526563 0.579625 0.046875 0.124122
0 0.614062 0.652225 0.118750 0.124122
0 0.731250 0.574941 0.081250 0.175644
0 0.871094 0.524590 0.104688 0.173302
0 0.895312 0.843091 0.109375 0.313817
0 0.975781 0.814988 0.048438 0.337237
