0 0.263281 0.517564 0.110937 0.430913
0 0.615625 0.551522 0.159375 0.498829
0 0.860156 0.498829 0.082812 0.266979
0 0.764844 0.460187 0.035937 0.124122
0 0.032813 0.460187 0.043750 0.217799
0 0.085938 0.454333 0.031250 0.192037
0 0.398438 0.444965 0.021875 0.159251
0 0.446094 0.437939 0.023438 0.159251
0 0.422656 0.433255 0.020313 0.168618
0 0.349219 0.444965 0.029687 0.163934
0 0.321875 0.450820 0.028125 0.156909
0 0.664062 0.391101 0.021875 0.126464
0 0.682813 0.392272 0.018750 0.128806
0 0.713281 0.393443 0.023438 0.131148
