0 0.883594 0.762850 0.017188 0.049065
0 0.921875 0.759346 0.012500 0.037383
0 0.856250 0.761682 0.006250 0.051402
0 0.843750 0.761682 0.018750 0.046729
0 0.539062 0.757009 0.012500 0.042056
0 0.522656 0.760514 0.014063 0.035047
0 0.478125 0.764019 0.018750 0.056075
0 0.457813 0.775701 0.021875 0.032710
0 0.433594 0.778037 0.017188 0.032710
0 0.394531 0.769860 0.020313 0.053738
0 0.372656 0.767523 0.020313 0.058411
0 0.339062 0.773364 0.009375 0.046729
0 0.350781 0.769860 0.014063 0.063084
0 0.208594 0.773364 0.014063 0.037383
0 0.178125 0.767523 0.009375 0.049065
0 0.166406 0.775701 0.014063 0.032710
0 0.324219 0.759346 0.014063 0.046729
