0 0.138281 0.644366 0.057813 0.194836
0 0.196094 0.663146 0.073438 0.326291
0 0.289844 0.713615 0.076563 0.230047
0 0.265625 0.676056 0.065625 0.295775
0 0.308594 0.612676 0.042188 0.140845
0 0.397656 0.681925 0.054688 0.143192
0 0.576562 0.757042 0.106250 0.208920
0 0.721094 0.764085 0.195312 0.241784
0 0.749219 0.660798 0.048438 0.269953
0 0.960156 0.638498 0.079687 0.492958
0 0.828906 0.690141 0.092188 0.258216
0 0.428906 0.807512 0.142187 0.164319
0 0.470313 0.676056 0.059375 0.173709
0 0.550781 0.650235 0.026562 0.103286
0 0.590625 0.649061 0.053125 0.171362
0 0.626563 0.665493 0.031250 0.157277
0 0.709375 0.674883 0.046875 0.246479
