0 0.492969 0.615196 0.114062 0.294118
0 0.603906 0.623775 0.123438 0.198529
0 0.699219 0.582108 0.192188 0.360294
0 0.764062 0.314951 0.075000 0.149510
0 0.961719 0.287990 0.060937 0.174020
0 0.856250 0.077206 0.050000 0.075980
0 0.903906 0.082108 0.057813 0.080882
0 0.283594 0.275735 0.064062 0.071078
0 0.328125 0.272059 0.046875 0.073529
0 0.467187 0.258578 0.056250 0.071078
0 0.513281 0.253676 0.045312 0.061275
0 0.157031 0.242647 0.079687 0.161765
0 0.096094 0.226716 0.060937 0.213235
0 0.017969 0.275735 0.032813 0.134804
0 0.312500 0.170343 0.056250 0.080882
0 0.339062 0.205882 0.050000 0.063725
0 0.379688 0.202206 0.043750 0.056373
0 0.431250 0.192402 0.037500 0.051471
0 0.485156 0.196078 0.057813 0.068627
0 0.528906 0.106618 0.048438 0.075980
0 0.571094 0.102941 0.048438 0.073529
0 0.214062 0.079657 0.046875 0.071078
0 0.236719 0.125000 0.039062 0.058824
