0 0.651563 0.611502 0.046875 0.166667
0 0.610156 0.634977 0.042188 0.119718
0 0.585156 0.651408 0.032813 0.072770
0 0.556250 0.660798 0.034375 0.058685
0 0.496094 0.619718 0.051562 0.140845
0 0.585938 0.526995 0.034375 0.096244
0 0.628906 0.525822 0.048438 0.098592
0 0.546875 0.518779 0.031250 0.098592
0 0.518750 0.537559 0.025000 0.061033
0 0.599219 0.411972 0.029687 0.086854
0 0.624219 0.428404 0.035937 0.068075
0 0.477344 0.426056 0.051562 0.082160
0 0.265625 0.413146 0.037500 0.098592
0 0.288281 0.428404 0.042188 0.068075
