0 0.510156 0.778125 0.035937 0.168750
0 0.474219 0.782292 0.045312 0.164583
0 0.925781 0.723958 0.029687 0.097917
0 0.901563 0.725000 0.028125 0.091667
0 0.864844 0.729167 0.026562 0.095833
0 0.832031 0.709375 0.017188 0.060417
0 0.817187 0.713542 0.021875 0.052083
0 0.758594 0.711458 0.017188 0.056250
0 0.741406 0.713542 0.026562 0.064583
0 0.703906 0.697917 0.017188 0.041667
0 0.392969 0.759375 0.057813 0.177083
0 0.273438 0.860417 0.106250 0.279167
0 0.136719 0.741667 0.042188 0.112500
0 0.200781 0.717708 0.026562 0.081250
0 0.228125 0.719792 0.028125 0.085417
0 0.285156 0.704167 0.023438 0.041667
0 0.311719 0.730208 0.026562 0.085417
0 0.419531 0.650000 0.020313 0.045833
