0 0.476562 0.757611 0.168750 0.391101
0 0.256250 0.827869 0.171875 0.269321
0 0.095312 0.796253 0.128125 0.309133
0 0.064062 0.626464 0.062500 0.133489
0 0.031250 0.601874 0.059375 0.177986
0 0.045312 0.505855 0.043750 0.107728
0 0.139844 0.505855 0.039062 0.112412
0 0.257812 0.511710 0.071875 0.124122
0 0.327344 0.529274 0.070312 0.088993
0 0.410156 0.502342 0.060937 0.142857
0 0.049219 0.400468 0.032813 0.056206
0 0.088281 0.401639 0.035937 0.053864
0 0.117969 0.399297 0.029687 0.058548
0 0.143750 0.398126 0.025000 0.046838
0 0.179688 0.394614 0.025000 0.053864
0 0.212500 0.393443 0.037500 0.060890
0 0.256250 0.402810 0.034375 0.037471
0 0.287500 0.389930 0.025000 0.067916
0 0.313281 0.388759 0.032813 0.070258
0 0.342969 0.386417 0.029687 0.065574
0 0.370312 0.386417 0.025000 0.065574
0 0.392969 0.386417 0.026562 0.056206
0 0.428125 0.387588 0.034375 0.063232
0 0.469531 0.432084 0.032813 0.105386
0 0.503125 0.464871 0.028125 0.100703
0 0.543750 0.462529 0.043750 0.124122
0 0.594531 0.480094 0.039062 0.107728
0 0.573438 0.442623 0.025000 0.084309
0 0.623437 0.519906 0.034375 0.056206
0 0.832812 0.525761 0.031250 0.049180
0 0.866406 0.522248 0.029687 0.056206
0 0.905469 0.519906 0.029687 0.056206
0 0.940625 0.501171 0.028125 0.074941
0 0.963281 0.505855 0.023438 0.060890
0 0.982812 0.498829 0.034375 0.088993
0 0.764844 0.507026 0.032813 0.067916
0 0.735938 0.508197 0.031250 0.065574
0 0.707812 0.496487 0.025000 0.056206
0 0.678125 0.503513 0.034375 0.079625
0 0.636719 0.495316 0.032813 0.063232
0 0.802344 0.444965 0.023438 0.060890
0 0.824219 0.441452 0.020313 0.053864
0 0.846094 0.456674 0.020313 0.065574
0 0.869531 0.455504 0.020313 0.049180
0 0.893750 0.489461 0.028125 0.079625
0 0.922656 0.457845 0.023438 0.063232
0 0.947656 0.456674 0.026562 0.070258
0 0.976562 0.422717 0.028125 0.067916
0 0.815625 0.389930 0.028125 0.063232
