0 0.686719 0.652225 0.070312 0.152225
0 0.896875 0.737705 0.096875 0.201405
0 0.690625 0.500000 0.025000 0.058548
0 0.492188 0.503513 0.025000 0.056206
0 0.524219 0.491803 0.017188 0.046838
0 0.449219 0.503513 0.026562 0.042155
0 0.128125 0.421546 0.028125 0.121780
0 0.093750 0.451991 0.025000 0.126464
0 0.053906 0.429742 0.026562 0.128806
0 0.018750 0.425059 0.034375 0.133489
0 0.798438 0.433255 0.021875 0.079625
0 0.687500 0.429742 0.025000 0.063232
0 0.744531 0.428571 0.026562 0.074941
0 0.974219 0.450820 0.023438 0.081967
